     [38;2;252;22;28m▀[48;2;252;22;28m▀[49m▄▄▄[0m    [38;2;252;22;28m▄[48;2;252;22;28m▀[49m▀[0m
       [38;2;252;22;28m▀[48;2;252;22;28m▀▀▀▀▀▀▀[49m▀[0m
       [38;2;252;22;28m▄[48;2;252;22;28m▀▀▀▀▀▀▀[0m
    [38;2;252;22;28m▄▄[48;2;252;22;28m▀▀[49m▀▀▀▀▀[48;2;252;22;28m▀▀[49m▄[0m
        [38;2;18;18;18m▄▄▄[48;2;18;18;18m▀▀[49m▄▄[38;2;252;22;28m▀▀[0m
  [38;2;18;18;18m▄▄▄[48;2;18;18;18m▀[48;2;30;30;30m▀▀▀[38;2;30;30;30m▀▀▀▀▀[38;2;18;18;18m▀[48;2;18;18;18m▀▀[49m▄▄[0m
[38;2;18;18;18m[48;2;18;18;18m▀▀▀[38;2;30;30;30m[48;2;30;30;30m▀▀▀▀▀▀▀▀▀▀▀▀▀▀▀[38;2;18;18;18m▀▀▀[48;2;18;18;18m▀[49m▄[0m
[38;2;18;18;18m[48;2;18;18;18m▀▀▀▀▀[38;2;30;30;30m▀▀[48;2;30;30;30m▀▀▀▀▀▀▀▀▀▀[48;2;18;18;18m▀▀[38;2;18;18;18m▀[48;2;54;54;54m▀[48;2;18;18;18m▀▀[0m
[38;2;18;18;18m[48;2;18;18;18m▀▀▀▀▀▀▀▀▀▀[38;2;30;30;30m▀▀▀▀▀[38;2;18;18;18m▀[48;2;54;54;54m▀▀[38;2;54;54;54m▀▀▀▀[38;2;18;18;18m[48;2;18;18;18m▀[0m
[38;2;18;18;18m[48;2;18;18;18m▀▀▀▀▀▀▀▀▀▀▀▀[38;2;54;54;54m[48;2;54;54;54m▀▀▀▀▀▀▀▀▀▀[38;2;18;18;18m[48;2;18;18;18m▀[0m
[38;2;18;18;18m[48;2;18;18;18m▀▀▀▀▀▀▀▀▀▀▀▀[38;2;54;54;54m[48;2;54;54;54m▀▀▀▀▀▀▀▀▀▀[38;2;18;18;18m[48;2;18;18;18m▀[0m
[38;2;18;18;18m[48;2;18;18;18m▀▀▀▀▀▀▀▀▀▀▀▀[38;2;54;54;54m[48;2;54;54;54m▀▀▀▀▀▀▀▀▀▀[38;2;18;18;18m[48;2;18;18;18m▀[0m
[38;2;18;18;18m[48;2;18;18;18m▀▀▀▀▀▀▀▀▀▀▀▀[38;2;54;54;54m[48;2;54;54;54m▀▀▀▀▀▀▀▀[48;2;18;18;18m▀▀[38;2;18;18;18m▀[0m
[38;2;18;18;18m▀▀[48;2;18;18;18m▀▀▀▀▀▀▀▀▀▀[38;2;54;54;54m[48;2;54;54;54m▀▀▀▀▀▀[48;2;18;18;18m▀▀[38;2;18;18;18m▀[49m▀[0m
   [38;2;18;18;18m▀▀▀[48;2;18;18;18m▀▀▀▀▀▀[38;2;54;54;54m[48;2;54;54;54m▀[48;2;18;18;18m▀▀▀[38;2;18;18;18m▀▀[49m▀[0m
         [38;2;18;18;18m▀[48;2;18;18;18m▀▀▀[49m▀▀[0m
